pointlist:
dw  324 
dw  0 , 600 , 130 
dw  0 , 644 , 122 
dw  0 , 683 , 99 
dw  0 , 712 , 64 
dw  0 , 728 , 22 
dw  0 , 728 ,-23 
dw  0 , 712 ,-66 
dw  0 , 683 ,-100 
dw  0 , 644 ,-123 
dw  0 , 599 ,-130 
dw  0 , 555 ,-123 
dw  0 , 516 ,-100 
dw  0 , 487 ,-65 
dw  0 , 471 ,-23 
dw  0 , 471 , 22 
dw  0 , 487 , 65 
dw  0 , 516 , 99 
dw  0 , 555 , 122 
dw  205 , 563 , 130 
dw  220 , 605 , 122 
dw  233 , 642 , 99 
dw  243 , 669 , 64 
dw  248 , 684 , 22 
dw  248 , 684 ,-23 
dw  243 , 669 ,-66 
dw  233 , 642 ,-100 
dw  220 , 605 ,-123 
dw  205 , 563 ,-130 
dw  190 , 522 ,-123 
dw  176 , 485 ,-100 
dw  166 , 458 ,-65 
dw  161 , 443 ,-23 
dw  161 , 443 , 22 
dw  166 , 458 , 65 
dw  176 , 485 , 99 
dw  190 , 522 , 122 
dw  385 , 459 , 130 
dw  414 , 493 , 122 
dw  439 , 523 , 99 
dw  458 , 545 , 64 
dw  467 , 557 , 22 
dw  467 , 557 ,-23 
dw  458 , 545 ,-66 
dw  439 , 523 ,-100 
dw  414 , 493 ,-123 
dw  385 , 459 ,-130 
dw  357 , 425 ,-123 
dw  331 , 395 ,-100 
dw  313 , 373 ,-65 
dw  303 , 361 ,-23 
dw  303 , 361 , 22 
dw  313 , 373 , 65 
dw  331 , 395 , 99 
dw  357 , 425 , 122 
dw  519 , 299 , 130 
dw  558 , 322 , 122 
dw  591 , 341 , 99 
dw  617 , 356 , 64 
dw  630 , 364 , 22 
dw  630 , 364 ,-23 
dw  617 , 356 ,-66 
dw  591 , 341 ,-100 
dw  558 , 322 ,-123 
dw  519 , 299 ,-130 
dw  481 , 277 ,-123 
dw  447 , 258 ,-100 
dw  422 , 243 ,-65 
dw  408 , 235 ,-23 
dw  408 , 235 , 22 
dw  422 , 243 , 65 
dw  447 , 258 , 99 
dw  481 , 277 , 122 
dw  590 , 104 , 130 
dw  634 , 111 , 122 
dw  673 , 118 , 99 
dw  701 , 123 , 64 
dw  716 , 126 , 22 
dw  716 , 126 ,-23 
dw  701 , 123 ,-66 
dw  673 , 118 ,-100 
dw  634 , 111 ,-123 
dw  590 , 104 ,-130 
dw  547 , 96 ,-123 
dw  508 , 89 ,-100 
dw  480 , 84 ,-65 
dw  464 , 81 ,-23 
dw  464 , 81 , 22 
dw  480 , 84 , 65 
dw  508 , 89 , 99 
dw  547 , 96 , 122 
dw  590 ,-105 , 130 
dw  634 ,-112 , 122 
dw  673 ,-119 , 99 
dw  701 ,-124 , 64 
dw  716 ,-127 , 22 
dw  716 ,-127 ,-23 
dw  701 ,-124 ,-66 
dw  673 ,-119 ,-100 
dw  634 ,-112 ,-123 
dw  590 ,-105 ,-130 
dw  547 ,-97 ,-123 
dw  508 ,-90 ,-100 
dw  480 ,-85 ,-65 
dw  464 ,-82 ,-23 
dw  464 ,-82 , 22 
dw  480 ,-85 , 65 
dw  508 ,-90 , 99 
dw  547 ,-97 , 122 
dw  519 ,-301 , 130 
dw  558 ,-323 , 122 
dw  591 ,-342 , 99 
dw  617 ,-357 , 64 
dw  630 ,-365 , 22 
dw  630 ,-365 ,-23 
dw  617 ,-357 ,-66 
dw  591 ,-342 ,-100 
dw  558 ,-323 ,-123 
dw  519 ,-301 ,-130 
dw  481 ,-278 ,-123 
dw  447 ,-259 ,-100 
dw  422 ,-244 ,-65 
dw  408 ,-236 ,-23 
dw  408 ,-236 , 22 
dw  422 ,-244 , 65 
dw  447 ,-259 , 99 
dw  481 ,-278 , 122 
dw  385 ,-460 , 130 
dw  414 ,-494 , 122 
dw  439 ,-524 , 99 
dw  458 ,-546 , 64 
dw  467 ,-558 , 22 
dw  467 ,-558 ,-23 
dw  458 ,-546 ,-66 
dw  439 ,-524 ,-100 
dw  414 ,-494 ,-123 
dw  385 ,-460 ,-130 
dw  357 ,-426 ,-123 
dw  331 ,-396 ,-100 
dw  313 ,-374 ,-65 
dw  303 ,-362 ,-23 
dw  303 ,-362 , 22 
dw  313 ,-374 , 65 
dw  331 ,-396 , 99 
dw  357 ,-426 , 122 
dw  205 ,-564 , 130 
dw  220 ,-606 , 122 
dw  233 ,-643 , 99 
dw  243 ,-670 , 64 
dw  248 ,-685 , 22 
dw  248 ,-685 ,-23 
dw  243 ,-670 ,-66 
dw  233 ,-643 ,-100 
dw  220 ,-606 ,-123 
dw  205 ,-564 ,-130 
dw  190 ,-523 ,-123 
dw  176 ,-486 ,-100 
dw  166 ,-459 ,-65 
dw  161 ,-444 ,-23 
dw  161 ,-444 , 22 
dw  166 ,-459 , 65 
dw  176 ,-486 , 99 
dw  190 ,-523 , 122 
dw -1 ,-600 , 130 
dw -1 ,-645 , 122 
dw -1 ,-684 , 99 
dw -1 ,-713 , 64 
dw -1 ,-729 , 22 
dw -1 ,-729 ,-23 
dw -1 ,-713 ,-66 
dw -1 ,-684 ,-100 
dw -1 ,-645 ,-123 
dw -1 ,-600 ,-130 
dw -1 ,-556 ,-123 
dw -1 ,-517 ,-100 
dw -1 ,-488 ,-65 
dw -1 ,-472 ,-23 
dw -1 ,-472 , 22 
dw -1 ,-488 , 65 
dw -1 ,-517 , 99 
dw -1 ,-556 , 122 
dw -206 ,-564 , 130 
dw -221 ,-606 , 122 
dw -234 ,-643 , 99 
dw -244 ,-670 , 64 
dw -249 ,-685 , 22 
dw -249 ,-685 ,-23 
dw -244 ,-670 ,-66 
dw -234 ,-643 ,-100 
dw -221 ,-606 ,-123 
dw -206 ,-564 ,-130 
dw -191 ,-523 ,-123 
dw -177 ,-486 ,-100 
dw -167 ,-459 ,-65 
dw -162 ,-444 ,-23 
dw -162 ,-444 , 22 
dw -167 ,-459 , 65 
dw -177 ,-486 , 99 
dw -191 ,-523 , 122 
dw -386 ,-460 , 130 
dw -415 ,-494 , 122 
dw -440 ,-524 , 99 
dw -459 ,-546 , 64 
dw -468 ,-558 , 22 
dw -468 ,-558 ,-23 
dw -459 ,-546 ,-66 
dw -440 ,-524 ,-100 
dw -415 ,-494 ,-123 
dw -386 ,-460 ,-130 
dw -358 ,-426 ,-123 
dw -332 ,-396 ,-100 
dw -314 ,-374 ,-65 
dw -304 ,-362 ,-23 
dw -304 ,-362 , 22 
dw -314 ,-374 , 65 
dw -332 ,-396 , 99 
dw -358 ,-426 , 122 
dw -520 ,-300 , 130 
dw -559 ,-323 , 122 
dw -592 ,-342 , 99 
dw -618 ,-357 , 64 
dw -631 ,-365 , 22 
dw -631 ,-365 ,-23 
dw -618 ,-357 ,-66 
dw -592 ,-342 ,-100 
dw -559 ,-323 ,-123 
dw -520 ,-300 ,-130 
dw -482 ,-278 ,-123 
dw -448 ,-259 ,-100 
dw -423 ,-244 ,-65 
dw -409 ,-236 ,-23 
dw -409 ,-236 , 22 
dw -423 ,-244 , 65 
dw -448 ,-259 , 99 
dw -482 ,-278 , 122 
dw -591 ,-105 , 130 
dw -635 ,-112 , 122 
dw -674 ,-119 , 99 
dw -702 ,-124 , 64 
dw -717 ,-127 , 22 
dw -717 ,-127 ,-23 
dw -702 ,-124 ,-66 
dw -674 ,-119 ,-100 
dw -635 ,-112 ,-123 
dw -591 ,-105 ,-130 
dw -548 ,-97 ,-123 
dw -509 ,-90 ,-100 
dw -481 ,-85 ,-65 
dw -465 ,-82 ,-23 
dw -465 ,-82 , 22 
dw -481 ,-85 , 65 
dw -509 ,-90 , 99 
dw -548 ,-97 , 122 
dw -591 , 104 , 130 
dw -635 , 111 , 122 
dw -674 , 118 , 99 
dw -702 , 123 , 64 
dw -717 , 126 , 22 
dw -717 , 126 ,-23 
dw -702 , 123 ,-66 
dw -674 , 118 ,-100 
dw -635 , 111 ,-123 
dw -591 , 104 ,-130 
dw -548 , 96 ,-123 
dw -509 , 89 ,-100 
dw -481 , 84 ,-65 
dw -465 , 81 ,-23 
dw -465 , 81 , 22 
dw -481 , 84 , 65 
dw -509 , 89 , 99 
dw -548 , 96 , 122 
dw -520 , 300 , 130 
dw -559 , 322 , 122 
dw -592 , 341 , 99 
dw -618 , 356 , 64 
dw -631 , 364 , 22 
dw -631 , 364 ,-23 
dw -618 , 356 ,-66 
dw -592 , 341 ,-100 
dw -559 , 322 ,-123 
dw -520 , 300 ,-130 
dw -482 , 277 ,-123 
dw -448 , 258 ,-100 
dw -423 , 243 ,-65 
dw -409 , 235 ,-23 
dw -409 , 235 , 22 
dw -423 , 243 , 65 
dw -448 , 258 , 99 
dw -482 , 277 , 122 
dw -386 , 459 , 130 
dw -415 , 493 , 122 
dw -440 , 523 , 99 
dw -459 , 545 , 64 
dw -468 , 557 , 22 
dw -468 , 557 ,-23 
dw -459 , 545 ,-66 
dw -440 , 523 ,-100 
dw -415 , 493 ,-123 
dw -386 , 459 ,-130 
dw -358 , 425 ,-123 
dw -332 , 395 ,-100 
dw -314 , 373 ,-65 
dw -304 , 361 ,-23 
dw -304 , 361 , 22 
dw -314 , 373 , 65 
dw -332 , 395 , 99 
dw -358 , 425 , 122 
dw -206 , 563 , 130 
dw -221 , 605 , 122 
dw -234 , 642 , 99 
dw -244 , 669 , 64 
dw -249 , 684 , 22 
dw -249 , 684 ,-23 
dw -244 , 669 ,-66 
dw -234 , 642 ,-100 
dw -221 , 605 ,-123 
dw -206 , 563 ,-130 
dw -191 , 522 ,-123 
dw -177 , 485 ,-100 
dw -167 , 458 ,-65 
dw -162 , 443 ,-23 
dw -162 , 443 , 22 
dw -167 , 458 , 65 
dw -177 , 485 , 99 
dw -191 , 522 , 122 
planelist:
dw  648 
dw  0 , 18 , 1 , 0 ,0
dw  18 , 19 , 1 , 0 ,0
dw  1 , 19 , 2 , 1 ,0
dw  19 , 20 , 2 , 1 ,0
dw  2 , 20 , 3 , 2 ,0
dw  20 , 21 , 3 , 2 ,0
dw  3 , 21 , 4 , 3 ,0
dw  21 , 22 , 4 , 3 ,0
dw  4 , 22 , 5 , 4 ,0
dw  22 , 23 , 5 , 4 ,0
dw  5 , 23 , 6 , 5 ,0
dw  23 , 24 , 6 , 5 ,0
dw  6 , 24 , 7 , 6 ,0
dw  24 , 25 , 7 , 6 ,0
dw  7 , 25 , 8 , 7 ,0
dw  25 , 26 , 8 , 7 ,0
dw  8 , 26 , 9 , 8 ,0
dw  26 , 27 , 9 , 8 ,0
dw  9 , 27 , 10 , 9 ,0
dw  27 , 28 , 10 , 9 ,0
dw  10 , 28 , 11 , 10 ,0
dw  28 , 29 , 11 , 10 ,0
dw  11 , 29 , 12 , 11 ,0
dw  29 , 30 , 12 , 11 ,0
dw  12 , 30 , 13 , 12 ,0
dw  30 , 31 , 13 , 12 ,0
dw  13 , 31 , 14 , 13 ,0
dw  31 , 32 , 14 , 13 ,0
dw  14 , 32 , 15 , 14 ,0
dw  32 , 33 , 15 , 14 ,0
dw  15 , 33 , 16 , 15 ,0
dw  33 , 34 , 16 , 15 ,0
dw  16 , 34 , 17 , 0 ,0
dw  34 , 35 , 17 , 0 ,0
dw  17 , 35 , 18 , 1 ,0
dw  35 , 36 , 18 , 1 ,0
dw  18 , 36 , 19 , 2 ,0
dw  36 , 37 , 19 , 2 ,0
dw  19 , 37 , 20 , 3 ,0
dw  37 , 38 , 20 , 3 ,0
dw  20 , 38 , 21 , 4 ,0
dw  38 , 39 , 21 , 4 ,0
dw  21 , 39 , 22 , 5 ,0
dw  39 , 40 , 22 , 5 ,0
dw  22 , 40 , 23 , 6 ,0
dw  40 , 41 , 23 , 6 ,0
dw  23 , 41 , 24 , 7 ,0
dw  41 , 42 , 24 , 7 ,0
dw  24 , 42 , 25 , 8 ,0
dw  42 , 43 , 25 , 8 ,0
dw  25 , 43 , 26 , 9 ,0
dw  43 , 44 , 26 , 9 ,0
dw  26 , 44 , 27 , 10 ,0
dw  44 , 45 , 27 , 10 ,0
dw  27 , 45 , 28 , 11 ,0
dw  45 , 46 , 28 , 11 ,0
dw  28 , 46 , 29 , 12 ,0
dw  46 , 47 , 29 , 12 ,0
dw  29 , 47 , 30 , 13 ,0
dw  47 , 48 , 30 , 13 ,0
dw  30 , 48 , 31 , 14 ,0
dw  48 , 49 , 31 , 14 ,0
dw  31 , 49 , 32 , 15 ,0
dw  49 , 50 , 32 , 15 ,0
dw  32 , 50 , 33 , 0 ,0
dw  50 , 51 , 33 , 0 ,0
dw  33 , 51 , 34 , 1 ,0
dw  51 , 52 , 34 , 1 ,0
dw  34 , 52 , 35 , 2 ,0
dw  52 , 53 , 35 , 2 ,0
dw  35 , 53 , 36 , 3 ,0
dw  53 , 54 , 36 , 3 ,0
dw  36 , 54 , 37 , 4 ,0
dw  54 , 55 , 37 , 4 ,0
dw  37 , 55 , 38 , 5 ,0
dw  55 , 56 , 38 , 5 ,0
dw  38 , 56 , 39 , 6 ,0
dw  56 , 57 , 39 , 6 ,0
dw  39 , 57 , 40 , 7 ,0
dw  57 , 58 , 40 , 7 ,0
dw  40 , 58 , 41 , 8 ,0
dw  58 , 59 , 41 , 8 ,0
dw  41 , 59 , 42 , 9 ,0
dw  59 , 60 , 42 , 9 ,0
dw  42 , 60 , 43 , 10 ,0
dw  60 , 61 , 43 , 10 ,0
dw  43 , 61 , 44 , 11 ,0
dw  61 , 62 , 44 , 11 ,0
dw  44 , 62 , 45 , 12 ,0
dw  62 , 63 , 45 , 12 ,0
dw  45 , 63 , 46 , 13 ,0
dw  63 , 64 , 46 , 13 ,0
dw  46 , 64 , 47 , 14 ,0
dw  64 , 65 , 47 , 14 ,0
dw  47 , 65 , 48 , 15 ,0
dw  65 , 66 , 48 , 15 ,0
dw  48 , 66 , 49 , 0 ,0
dw  66 , 67 , 49 , 0 ,0
dw  49 , 67 , 50 , 1 ,0
dw  67 , 68 , 50 , 1 ,0
dw  50 , 68 , 51 , 2 ,0
dw  68 , 69 , 51 , 2 ,0
dw  51 , 69 , 52 , 3 ,0
dw  69 , 70 , 52 , 3 ,0
dw  52 , 70 , 53 , 4 ,0
dw  70 , 71 , 53 , 4 ,0
dw  53 , 71 , 54 , 5 ,0
dw  71 , 72 , 54 , 5 ,0
dw  54 , 72 , 55 , 6 ,0
dw  72 , 73 , 55 , 6 ,0
dw  55 , 73 , 56 , 7 ,0
dw  73 , 74 , 56 , 7 ,0
dw  56 , 74 , 57 , 8 ,0
dw  74 , 75 , 57 , 8 ,0
dw  57 , 75 , 58 , 9 ,0
dw  75 , 76 , 58 , 9 ,0
dw  58 , 76 , 59 , 10 ,0
dw  76 , 77 , 59 , 10 ,0
dw  59 , 77 , 60 , 11 ,0
dw  77 , 78 , 60 , 11 ,0
dw  60 , 78 , 61 , 12 ,0
dw  78 , 79 , 61 , 12 ,0
dw  61 , 79 , 62 , 13 ,0
dw  79 , 80 , 62 , 13 ,0
dw  62 , 80 , 63 , 14 ,0
dw  80 , 81 , 63 , 14 ,0
dw  63 , 81 , 64 , 15 ,0
dw  81 , 82 , 64 , 15 ,0
dw  64 , 82 , 65 , 0 ,0
dw  82 , 83 , 65 , 0 ,0
dw  65 , 83 , 66 , 1 ,0
dw  83 , 84 , 66 , 1 ,0
dw  66 , 84 , 67 , 2 ,0
dw  84 , 85 , 67 , 2 ,0
dw  67 , 85 , 68 , 3 ,0
dw  85 , 86 , 68 , 3 ,0
dw  68 , 86 , 69 , 4 ,0
dw  86 , 87 , 69 , 4 ,0
dw  69 , 87 , 70 , 5 ,0
dw  87 , 88 , 70 , 5 ,0
dw  70 , 88 , 71 , 6 ,0
dw  88 , 89 , 71 , 6 ,0
dw  71 , 89 , 72 , 7 ,0
dw  89 , 90 , 72 , 7 ,0
dw  72 , 90 , 73 , 8 ,0
dw  90 , 91 , 73 , 8 ,0
dw  73 , 91 , 74 , 9 ,0
dw  91 , 92 , 74 , 9 ,0
dw  74 , 92 , 75 , 10 ,0
dw  92 , 93 , 75 , 10 ,0
dw  75 , 93 , 76 , 11 ,0
dw  93 , 94 , 76 , 11 ,0
dw  76 , 94 , 77 , 12 ,0
dw  94 , 95 , 77 , 12 ,0
dw  77 , 95 , 78 , 13 ,0
dw  95 , 96 , 78 , 13 ,0
dw  78 , 96 , 79 , 14 ,0
dw  96 , 97 , 79 , 14 ,0
dw  79 , 97 , 80 , 15 ,0
dw  97 , 98 , 80 , 15 ,0
dw  80 , 98 , 81 , 0 ,0
dw  98 , 99 , 81 , 0 ,0
dw  81 , 99 , 82 , 1 ,0
dw  99 , 100 , 82 , 1 ,0
dw  82 , 100 , 83 , 2 ,0
dw  100 , 101 , 83 , 2 ,0
dw  83 , 101 , 84 , 3 ,0
dw  101 , 102 , 84 , 3 ,0
dw  84 , 102 , 85 , 4 ,0
dw  102 , 103 , 85 , 4 ,0
dw  85 , 103 , 86 , 5 ,0
dw  103 , 104 , 86 , 5 ,0
dw  86 , 104 , 87 , 6 ,0
dw  104 , 105 , 87 , 6 ,0
dw  87 , 105 , 88 , 7 ,0
dw  105 , 106 , 88 , 7 ,0
dw  88 , 106 , 89 , 8 ,0
dw  106 , 107 , 89 , 8 ,0
dw  89 , 107 , 90 , 9 ,0
dw  107 , 108 , 90 , 9 ,0
dw  90 , 108 , 91 , 10 ,0
dw  108 , 109 , 91 , 10 ,0
dw  91 , 109 , 92 , 11 ,0
dw  109 , 110 , 92 , 11 ,0
dw  92 , 110 , 93 , 12 ,0
dw  110 , 111 , 93 , 12 ,0
dw  93 , 111 , 94 , 13 ,0
dw  111 , 112 , 94 , 13 ,0
dw  94 , 112 , 95 , 14 ,0
dw  112 , 113 , 95 , 14 ,0
dw  95 , 113 , 96 , 15 ,0
dw  113 , 114 , 96 , 15 ,0
dw  96 , 114 , 97 , 0 ,0
dw  114 , 115 , 97 , 0 ,0
dw  97 , 115 , 98 , 1 ,0
dw  115 , 116 , 98 , 1 ,0
dw  98 , 116 , 99 , 2 ,0
dw  116 , 117 , 99 , 2 ,0
dw  99 , 117 , 100 , 3 ,0
dw  117 , 118 , 100 , 3 ,0
dw  100 , 118 , 101 , 4 ,0
dw  118 , 119 , 101 , 4 ,0
dw  101 , 119 , 102 , 5 ,0
dw  119 , 120 , 102 , 5 ,0
dw  102 , 120 , 103 , 6 ,0
dw  120 , 121 , 103 , 6 ,0
dw  103 , 121 , 104 , 7 ,0
dw  121 , 122 , 104 , 7 ,0
dw  104 , 122 , 105 , 8 ,0
dw  122 , 123 , 105 , 8 ,0
dw  105 , 123 , 106 , 9 ,0
dw  123 , 124 , 106 , 9 ,0
dw  106 , 124 , 107 , 10 ,0
dw  124 , 125 , 107 , 10 ,0
dw  107 , 125 , 108 , 11 ,0
dw  125 , 126 , 108 , 11 ,0
dw  108 , 126 , 109 , 12 ,0
dw  126 , 127 , 109 , 12 ,0
dw  109 , 127 , 110 , 13 ,0
dw  127 , 128 , 110 , 13 ,0
dw  110 , 128 , 111 , 14 ,0
dw  128 , 129 , 111 , 14 ,0
dw  111 , 129 , 112 , 15 ,0
dw  129 , 130 , 112 , 15 ,0
dw  112 , 130 , 113 , 0 ,0
dw  130 , 131 , 113 , 0 ,0
dw  113 , 131 , 114 , 1 ,0
dw  131 , 132 , 114 , 1 ,0
dw  114 , 132 , 115 , 2 ,0
dw  132 , 133 , 115 , 2 ,0
dw  115 , 133 , 116 , 3 ,0
dw  133 , 134 , 116 , 3 ,0
dw  116 , 134 , 117 , 4 ,0
dw  134 , 135 , 117 , 4 ,0
dw  117 , 135 , 118 , 5 ,0
dw  135 , 136 , 118 , 5 ,0
dw  118 , 136 , 119 , 6 ,0
dw  136 , 137 , 119 , 6 ,0
dw  119 , 137 , 120 , 7 ,0
dw  137 , 138 , 120 , 7 ,0
dw  120 , 138 , 121 , 8 ,0
dw  138 , 139 , 121 , 8 ,0
dw  121 , 139 , 122 , 9 ,0
dw  139 , 140 , 122 , 9 ,0
dw  122 , 140 , 123 , 10 ,0
dw  140 , 141 , 123 , 10 ,0
dw  123 , 141 , 124 , 11 ,0
dw  141 , 142 , 124 , 11 ,0
dw  124 , 142 , 125 , 12 ,0
dw  142 , 143 , 125 , 12 ,0
dw  125 , 143 , 126 , 13 ,0
dw  143 , 144 , 126 , 13 ,0
dw  126 , 144 , 127 , 14 ,0
dw  144 , 145 , 127 , 14 ,0
dw  127 , 145 , 128 , 15 ,0
dw  145 , 146 , 128 , 15 ,0
dw  128 , 146 , 129 , 0 ,0
dw  146 , 147 , 129 , 0 ,0
dw  129 , 147 , 130 , 1 ,0
dw  147 , 148 , 130 , 1 ,0
dw  130 , 148 , 131 , 2 ,0
dw  148 , 149 , 131 , 2 ,0
dw  131 , 149 , 132 , 3 ,0
dw  149 , 150 , 132 , 3 ,0
dw  132 , 150 , 133 , 4 ,0
dw  150 , 151 , 133 , 4 ,0
dw  133 , 151 , 134 , 5 ,0
dw  151 , 152 , 134 , 5 ,0
dw  134 , 152 , 135 , 6 ,0
dw  152 , 153 , 135 , 6 ,0
dw  135 , 153 , 136 , 7 ,0
dw  153 , 154 , 136 , 7 ,0
dw  136 , 154 , 137 , 8 ,0
dw  154 , 155 , 137 , 8 ,0
dw  137 , 155 , 138 , 9 ,0
dw  155 , 156 , 138 , 9 ,0
dw  138 , 156 , 139 , 10 ,0
dw  156 , 157 , 139 , 10 ,0
dw  139 , 157 , 140 , 11 ,0
dw  157 , 158 , 140 , 11 ,0
dw  140 , 158 , 141 , 12 ,0
dw  158 , 159 , 141 , 12 ,0
dw  141 , 159 , 142 , 13 ,0
dw  159 , 160 , 142 , 13 ,0
dw  142 , 160 , 143 , 14 ,0
dw  160 , 161 , 143 , 14 ,0
dw  143 , 161 , 144 , 15 ,0
dw  161 , 162 , 144 , 15 ,0
dw  144 , 162 , 145 , 0 ,0
dw  162 , 163 , 145 , 0 ,0
dw  145 , 163 , 146 , 1 ,0
dw  163 , 164 , 146 , 1 ,0
dw  146 , 164 , 147 , 2 ,0
dw  164 , 165 , 147 , 2 ,0
dw  147 , 165 , 148 , 3 ,0
dw  165 , 166 , 148 , 3 ,0
dw  148 , 166 , 149 , 4 ,0
dw  166 , 167 , 149 , 4 ,0
dw  149 , 167 , 150 , 5 ,0
dw  167 , 168 , 150 , 5 ,0
dw  150 , 168 , 151 , 6 ,0
dw  168 , 169 , 151 , 6 ,0
dw  151 , 169 , 152 , 7 ,0
dw  169 , 170 , 152 , 7 ,0
dw  152 , 170 , 153 , 8 ,0
dw  170 , 171 , 153 , 8 ,0
dw  153 , 171 , 154 , 9 ,0
dw  171 , 172 , 154 , 9 ,0
dw  154 , 172 , 155 , 10 ,0
dw  172 , 173 , 155 , 10 ,0
dw  155 , 173 , 156 , 11 ,0
dw  173 , 174 , 156 , 11 ,0
dw  156 , 174 , 157 , 12 ,0
dw  174 , 175 , 157 , 12 ,0
dw  157 , 175 , 158 , 13 ,0
dw  175 , 176 , 158 , 13 ,0
dw  158 , 176 , 159 , 14 ,0
dw  176 , 177 , 159 , 14 ,0
dw  159 , 177 , 160 , 15 ,0
dw  177 , 178 , 160 , 15 ,0
dw  160 , 178 , 161 , 0 ,0
dw  178 , 179 , 161 , 0 ,0
dw  161 , 179 , 162 , 1 ,0
dw  179 , 180 , 162 , 1 ,0
dw  162 , 180 , 163 , 2 ,0
dw  180 , 181 , 163 , 2 ,0
dw  163 , 181 , 164 , 3 ,0
dw  181 , 182 , 164 , 3 ,0
dw  164 , 182 , 165 , 4 ,0
dw  182 , 183 , 165 , 4 ,0
dw  165 , 183 , 166 , 5 ,0
dw  183 , 184 , 166 , 5 ,0
dw  166 , 184 , 167 , 6 ,0
dw  184 , 185 , 167 , 6 ,0
dw  167 , 185 , 168 , 7 ,0
dw  185 , 186 , 168 , 7 ,0
dw  168 , 186 , 169 , 8 ,0
dw  186 , 187 , 169 , 8 ,0
dw  169 , 187 , 170 , 9 ,0
dw  187 , 188 , 170 , 9 ,0
dw  170 , 188 , 171 , 10 ,0
dw  188 , 189 , 171 , 10 ,0
dw  171 , 189 , 172 , 11 ,0
dw  189 , 190 , 172 , 11 ,0
dw  172 , 190 , 173 , 12 ,0
dw  190 , 191 , 173 , 12 ,0
dw  173 , 191 , 174 , 13 ,0
dw  191 , 192 , 174 , 13 ,0
dw  174 , 192 , 175 , 14 ,0
dw  192 , 193 , 175 , 14 ,0
dw  175 , 193 , 176 , 15 ,0
dw  193 , 194 , 176 , 15 ,0
dw  176 , 194 , 177 , 0 ,0
dw  194 , 195 , 177 , 0 ,0
dw  177 , 195 , 178 , 1 ,0
dw  195 , 196 , 178 , 1 ,0
dw  178 , 196 , 179 , 2 ,0
dw  196 , 197 , 179 , 2 ,0
dw  179 , 197 , 180 , 3 ,0
dw  197 , 198 , 180 , 3 ,0
dw  180 , 198 , 181 , 4 ,0
dw  198 , 199 , 181 , 4 ,0
dw  181 , 199 , 182 , 5 ,0
dw  199 , 200 , 182 , 5 ,0
dw  182 , 200 , 183 , 6 ,0
dw  200 , 201 , 183 , 6 ,0
dw  183 , 201 , 184 , 7 ,0
dw  201 , 202 , 184 , 7 ,0
dw  184 , 202 , 185 , 8 ,0
dw  202 , 203 , 185 , 8 ,0
dw  185 , 203 , 186 , 9 ,0
dw  203 , 204 , 186 , 9 ,0
dw  186 , 204 , 187 , 10 ,0
dw  204 , 205 , 187 , 10 ,0
dw  187 , 205 , 188 , 11 ,0
dw  205 , 206 , 188 , 11 ,0
dw  188 , 206 , 189 , 12 ,0
dw  206 , 207 , 189 , 12 ,0
dw  189 , 207 , 190 , 13 ,0
dw  207 , 208 , 190 , 13 ,0
dw  190 , 208 , 191 , 14 ,0
dw  208 , 209 , 191 , 14 ,0
dw  191 , 209 , 192 , 15 ,0
dw  209 , 210 , 192 , 15 ,0
dw  192 , 210 , 193 , 0 ,0
dw  210 , 211 , 193 , 0 ,0
dw  193 , 211 , 194 , 1 ,0
dw  211 , 212 , 194 , 1 ,0
dw  194 , 212 , 195 , 2 ,0
dw  212 , 213 , 195 , 2 ,0
dw  195 , 213 , 196 , 3 ,0
dw  213 , 214 , 196 , 3 ,0
dw  196 , 214 , 197 , 4 ,0
dw  214 , 215 , 197 , 4 ,0
dw  197 , 215 , 198 , 5 ,0
dw  215 , 216 , 198 , 5 ,0
dw  198 , 216 , 199 , 6 ,0
dw  216 , 217 , 199 , 6 ,0
dw  199 , 217 , 200 , 7 ,0
dw  217 , 218 , 200 , 7 ,0
dw  200 , 218 , 201 , 8 ,0
dw  218 , 219 , 201 , 8 ,0
dw  201 , 219 , 202 , 9 ,0
dw  219 , 220 , 202 , 9 ,0
dw  202 , 220 , 203 , 10 ,0
dw  220 , 221 , 203 , 10 ,0
dw  203 , 221 , 204 , 11 ,0
dw  221 , 222 , 204 , 11 ,0
dw  204 , 222 , 205 , 12 ,0
dw  222 , 223 , 205 , 12 ,0
dw  205 , 223 , 206 , 13 ,0
dw  223 , 224 , 206 , 13 ,0
dw  206 , 224 , 207 , 14 ,0
dw  224 , 225 , 207 , 14 ,0
dw  207 , 225 , 208 , 15 ,0
dw  225 , 226 , 208 , 15 ,0
dw  208 , 226 , 209 , 0 ,0
dw  226 , 227 , 209 , 0 ,0
dw  209 , 227 , 210 , 1 ,0
dw  227 , 228 , 210 , 1 ,0
dw  210 , 228 , 211 , 2 ,0
dw  228 , 229 , 211 , 2 ,0
dw  211 , 229 , 212 , 3 ,0
dw  229 , 230 , 212 , 3 ,0
dw  212 , 230 , 213 , 4 ,0
dw  230 , 231 , 213 , 4 ,0
dw  213 , 231 , 214 , 5 ,0
dw  231 , 232 , 214 , 5 ,0
dw  214 , 232 , 215 , 6 ,0
dw  232 , 233 , 215 , 6 ,0
dw  215 , 233 , 216 , 7 ,0
dw  233 , 234 , 216 , 7 ,0
dw  216 , 234 , 217 , 8 ,0
dw  234 , 235 , 217 , 8 ,0
dw  217 , 235 , 218 , 9 ,0
dw  235 , 236 , 218 , 9 ,0
dw  218 , 236 , 219 , 10 ,0
dw  236 , 237 , 219 , 10 ,0
dw  219 , 237 , 220 , 11 ,0
dw  237 , 238 , 220 , 11 ,0
dw  220 , 238 , 221 , 12 ,0
dw  238 , 239 , 221 , 12 ,0
dw  221 , 239 , 222 , 13 ,0
dw  239 , 240 , 222 , 13 ,0
dw  222 , 240 , 223 , 14 ,0
dw  240 , 241 , 223 , 14 ,0
dw  223 , 241 , 224 , 15 ,0
dw  241 , 242 , 224 , 15 ,0
dw  224 , 242 , 225 , 0 ,0
dw  242 , 243 , 225 , 0 ,0
dw  225 , 243 , 226 , 1 ,0
dw  243 , 244 , 226 , 1 ,0
dw  226 , 244 , 227 , 2 ,0
dw  244 , 245 , 227 , 2 ,0
dw  227 , 245 , 228 , 3 ,0
dw  245 , 246 , 228 , 3 ,0
dw  228 , 246 , 229 , 4 ,0
dw  246 , 247 , 229 , 4 ,0
dw  229 , 247 , 230 , 5 ,0
dw  247 , 248 , 230 , 5 ,0
dw  230 , 248 , 231 , 6 ,0
dw  248 , 249 , 231 , 6 ,0
dw  231 , 249 , 232 , 7 ,0
dw  249 , 250 , 232 , 7 ,0
dw  232 , 250 , 233 , 8 ,0
dw  250 , 251 , 233 , 8 ,0
dw  233 , 251 , 234 , 9 ,0
dw  251 , 252 , 234 , 9 ,0
dw  234 , 252 , 235 , 10 ,0
dw  252 , 253 , 235 , 10 ,0
dw  235 , 253 , 236 , 11 ,0
dw  253 , 254 , 236 , 11 ,0
dw  236 , 254 , 237 , 12 ,0
dw  254 , 255 , 237 , 12 ,0
dw  237 , 255 , 238 , 13 ,0
dw  255 , 256 , 238 , 13 ,0
dw  238 , 256 , 239 , 14 ,0
dw  256 , 257 , 239 , 14 ,0
dw  239 , 257 , 240 , 15 ,0
dw  257 , 258 , 240 , 15 ,0
dw  240 , 258 , 241 , 0 ,0
dw  258 , 259 , 241 , 0 ,0
dw  241 , 259 , 242 , 1 ,0
dw  259 , 260 , 242 , 1 ,0
dw  242 , 260 , 243 , 2 ,0
dw  260 , 261 , 243 , 2 ,0
dw  243 , 261 , 244 , 3 ,0
dw  261 , 262 , 244 , 3 ,0
dw  244 , 262 , 245 , 4 ,0
dw  262 , 263 , 245 , 4 ,0
dw  245 , 263 , 246 , 5 ,0
dw  263 , 264 , 246 , 5 ,0
dw  246 , 264 , 247 , 6 ,0
dw  264 , 265 , 247 , 6 ,0
dw  247 , 265 , 248 , 7 ,0
dw  265 , 266 , 248 , 7 ,0
dw  248 , 266 , 249 , 8 ,0
dw  266 , 267 , 249 , 8 ,0
dw  249 , 267 , 250 , 9 ,0
dw  267 , 268 , 250 , 9 ,0
dw  250 , 268 , 251 , 10 ,0
dw  268 , 269 , 251 , 10 ,0
dw  251 , 269 , 252 , 11 ,0
dw  269 , 270 , 252 , 11 ,0
dw  252 , 270 , 253 , 12 ,0
dw  270 , 271 , 253 , 12 ,0
dw  253 , 271 , 254 , 13 ,0
dw  271 , 272 , 254 , 13 ,0
dw  254 , 272 , 255 , 14 ,0
dw  272 , 273 , 255 , 14 ,0
dw  255 , 273 , 256 , 15 ,0
dw  273 , 274 , 256 , 15 ,0
dw  256 , 274 , 257 , 0 ,0
dw  274 , 275 , 257 , 0 ,0
dw  257 , 275 , 258 , 1 ,0
dw  275 , 276 , 258 , 1 ,0
dw  258 , 276 , 259 , 2 ,0
dw  276 , 277 , 259 , 2 ,0
dw  259 , 277 , 260 , 3 ,0
dw  277 , 278 , 260 , 3 ,0
dw  260 , 278 , 261 , 4 ,0
dw  278 , 279 , 261 , 4 ,0
dw  261 , 279 , 262 , 5 ,0
dw  279 , 280 , 262 , 5 ,0
dw  262 , 280 , 263 , 6 ,0
dw  280 , 281 , 263 , 6 ,0
dw  263 , 281 , 264 , 7 ,0
dw  281 , 282 , 264 , 7 ,0
dw  264 , 282 , 265 , 8 ,0
dw  282 , 283 , 265 , 8 ,0
dw  265 , 283 , 266 , 9 ,0
dw  283 , 284 , 266 , 9 ,0
dw  266 , 284 , 267 , 10 ,0
dw  284 , 285 , 267 , 10 ,0
dw  267 , 285 , 268 , 11 ,0
dw  285 , 286 , 268 , 11 ,0
dw  268 , 286 , 269 , 12 ,0
dw  286 , 287 , 269 , 12 ,0
dw  269 , 287 , 270 , 13 ,0
dw  287 , 288 , 270 , 13 ,0
dw  270 , 288 , 271 , 14 ,0
dw  288 , 289 , 271 , 14 ,0
dw  271 , 289 , 272 , 15 ,0
dw  289 , 290 , 272 , 15 ,0
dw  272 , 290 , 273 , 0 ,0
dw  290 , 291 , 273 , 0 ,0
dw  273 , 291 , 274 , 1 ,0
dw  291 , 292 , 274 , 1 ,0
dw  274 , 292 , 275 , 2 ,0
dw  292 , 293 , 275 , 2 ,0
dw  275 , 293 , 276 , 3 ,0
dw  293 , 294 , 276 , 3 ,0
dw  276 , 294 , 277 , 4 ,0
dw  294 , 295 , 277 , 4 ,0
dw  277 , 295 , 278 , 5 ,0
dw  295 , 296 , 278 , 5 ,0
dw  278 , 296 , 279 , 6 ,0
dw  296 , 297 , 279 , 6 ,0
dw  279 , 297 , 280 , 7 ,0
dw  297 , 298 , 280 , 7 ,0
dw  280 , 298 , 281 , 8 ,0
dw  298 , 299 , 281 , 8 ,0
dw  281 , 299 , 282 , 9 ,0
dw  299 , 300 , 282 , 9 ,0
dw  282 , 300 , 283 , 10 ,0
dw  300 , 301 , 283 , 10 ,0
dw  283 , 301 , 284 , 11 ,0
dw  301 , 302 , 284 , 11 ,0
dw  284 , 302 , 285 , 12 ,0
dw  302 , 303 , 285 , 12 ,0
dw  285 , 303 , 286 , 13 ,0
dw  303 , 304 , 286 , 13 ,0
dw  286 , 304 , 287 , 14 ,0
dw  304 , 305 , 287 , 14 ,0
dw  287 , 305 , 288 , 15 ,0
dw  305 , 306 , 288 , 15 ,0
dw  288 , 306 , 289 , 0 ,0
dw  306 , 307 , 289 , 0 ,0
dw  289 , 307 , 290 , 1 ,0
dw  307 , 308 , 290 , 1 ,0
dw  290 , 308 , 291 , 2 ,0
dw  308 , 309 , 291 , 2 ,0
dw  291 , 309 , 292 , 3 ,0
dw  309 , 310 , 292 , 3 ,0
dw  292 , 310 , 293 , 4 ,0
dw  310 , 311 , 293 , 4 ,0
dw  293 , 311 , 294 , 5 ,0
dw  311 , 312 , 294 , 5 ,0
dw  294 , 312 , 295 , 6 ,0
dw  312 , 313 , 295 , 6 ,0
dw  295 , 313 , 296 , 7 ,0
dw  313 , 314 , 296 , 7 ,0
dw  296 , 314 , 297 , 8 ,0
dw  314 , 315 , 297 , 8 ,0
dw  297 , 315 , 298 , 9 ,0
dw  315 , 316 , 298 , 9 ,0
dw  298 , 316 , 299 , 10 ,0
dw  316 , 317 , 299 , 10 ,0
dw  299 , 317 , 300 , 11 ,0
dw  317 , 318 , 300 , 11 ,0
dw  300 , 318 , 301 , 12 ,0
dw  318 , 319 , 301 , 12 ,0
dw  301 , 319 , 302 , 13 ,0
dw  319 , 320 , 302 , 13 ,0
dw  302 , 320 , 303 , 14 ,0
dw  320 , 321 , 303 , 14 ,0
dw  303 , 321 , 304 , 15 ,0
dw  321 , 322 , 304 , 15 ,0
dw  304 , 322 , 305 , 0 ,0
dw  322 , 323 , 305 , 0 ,0
dw  305 , 323 , 306 , 1 ,0
dw  323 , 0 , 306 , 1 ,0
dw  306 , 0 , 307 , 2 ,0
dw  0 , 1 , 307 , 2 ,0
dw  307 , 1 , 308 , 3 ,0
dw  1 , 2 , 308 , 3 ,0
dw  308 , 2 , 309 , 4 ,0
dw  2 , 3 , 309 , 4 ,0
dw  309 , 3 , 310 , 5 ,0
dw  3 , 4 , 310 , 5 ,0
dw  310 , 4 , 311 , 6 ,0
dw  4 , 5 , 311 , 6 ,0
dw  311 , 5 , 312 , 7 ,0
dw  5 , 6 , 312 , 7 ,0
dw  312 , 6 , 313 , 8 ,0
dw  6 , 7 , 313 , 8 ,0
dw  313 , 7 , 314 , 9 ,0
dw  7 , 8 , 314 , 9 ,0
dw  314 , 8 , 315 , 10 ,0
dw  8 , 9 , 315 , 10 ,0
dw  315 , 9 , 316 , 11 ,0
dw  9 , 10 , 316 , 11 ,0
dw  316 , 10 , 317 , 12 ,0
dw  10 , 11 , 317 , 12 ,0
dw  317 , 11 , 318 , 13 ,0
dw  11 , 12 , 318 , 13 ,0
dw  318 , 12 , 319 , 14 ,0
dw  12 , 13 , 319 , 14 ,0
dw  319 , 13 , 320 , 15 ,0
dw  13 , 14 , 320 , 15 ,0
dw  320 , 14 , 321 , 0 ,0
dw  14 , 15 , 321 , 0 ,0
dw  321 , 15 , 322 , 1 ,0
dw  15 , 16 , 322 , 1 ,0
dw  322 , 16 , 323 , 2 ,0
dw  16 , 17 , 323 , 2 ,0
dw  323 , 17 , 0 , 3 ,0
dw  17 , 18 , 0 , 3 ,0
